1.58
9.2
8.77
9.55
0.95
8.75
9.17
1.23
9.58
8.93
1.03
8.42
0.58
7.78
1.38
0.55
9.57
0.95
9.47
8.05
6.83
0.6
9.7
6.67
8.63
9.02
1.28
1.18
9.4
0.87
8.47
8.72
5
0.72
9.2
7.62
0.95
8.05
6.38
6.5
8.27
7.27
9.55
0.67
6.03
6.73
3.17
0.63
1.6
0.75
0.35
0.87
7.37
0.65
1.45
1.18
0.52
4.1
8.42
8.97
1.08
7.25
8.82
8.18
5.5
9.17
5.9
2.38
3.57
6.18
2.47
9.37
4.28
4.2
0.73
0.23
0.55
2
1.12
1.17
0.6
7.63
2.65
8.05
1.17
8.65
8.48
5.07
8.02
8.25
6.58
5.95
5.4
3.57
6.98
5.9
1.6
7.78
5.9
7.05
3.97
1.97
2.07
0.48
0.58
0.4
0.98
0.4
0.48
0.48
0.3
2.3
6.35
3.17
1.88
2.2
3.65
5.5
8.33
0.7
8.78
9.35
6.67
2.88
8.1
3.33
7.07
7.12
9.25
8.87
7.85
3.68
7.88
1.75
9.47
6.43
7.53
3.27
2.47
2.98
9.52
5.63
2.38
9.2
5.53
3.4
7.58
7.15
4.85
8.42
3.42
2.25
6.28
4.68
7.3
8.73
4.42
8.27
4.62
3.88
7.3
7.32
9.28
7.62
1.12
9.05
4.93
6.98
7.5
7.1
6.38
2.38
6.95
5.38
1.73
8.33
3.03
2.38
5.48
4.28
2.57
4.25
3.65
3.97
2.58
6.98
8.98
3.63
5.4
8.17
5.47
7.47
3.55
7.08
5
7.02
6.27
3.48
8.65
2.67
3.33
3.57
5.8
6.27
5.15
9.62
3.33
3.72
8.57
3.33
5.8
0.4
5.68
4.57
1.67
1.67
7.5
2.95
3.02
1.9
7.07
4.42
5.37
1.9
3.4
6.25
1.97
5.95
7.25
6.67
6
6.75
6.47
3.02
9.35
8.33
9.02
5.87
7.15
6.67
4.17
6.73
3.78
6.45
4.28
7.15
3.55
1.8
3.1
7.78
8.65
7.42
6.75
6.33
1.03
5.25
5.95
6.42
4.17
3.75
1.9
4.28
3.73
7.3
7.62
8.97
6.67
4.68
2.68
6.15
7.07
5.48
3.92
5.9
5.6
5
6.17
5.97
5.42
3.92
2.88
6.5
7.47
6.83
7.85
8.83
7.62
6.58
7.3
7.5
7.32
7.53
2.8
1.3
7.68
6.58
7.53
8.5
9.08
4.05
2.37
6.3
2.8
8.78
1.13
6.07
8.55
3.05
6.5
0.92
4.52
3.2
3.33
5
1.13
2.3
6.5
8.27
7.27
6.3
4.37
3.4
5.23
5.8
3.63
5.37
4.45
3.82
1.08
1.98
4.83
5.6
5
3.42
4
8.33
5.72
4.77
8.33
2.42
5.15
2.88
1.9
5.65
5.38
5.97
7.78
2.62
7.85
2.93
7.7
1.42
9.02
1.27
4.93
7.22
2.62
6.9
2.32
3.48
3.1
4.92
5.58
6.03
3.27
3.47
5.83
5.53
5.08
4.87
8.88
6.75
1.67
2.27
3.25
2.27
7.85
5.43
6.12
4.93
5.47
7.03
4.65
3.65
3.33
9.02
1.97
4.28
3.82
2.08
5.58
7.27
1.6
2.78
4.92
2.72
6.08
7.72
7.93
7.12
5.58
4.68
1.53
7.83
5.28
3.48
3.78
5.7
3.63
2.98
3.02
3.55
5
5.6
4.45
2.57
1.97
4.92
1.6
0.98
7.42
3.77
4.13
1.95
8.73
7.72
3.62
3.27
6.07
6.58
8.78
4.5
3.13
8.65
4.28
3.93
3.1
1.38
5.35
4.72
1.23
0.97
9.05
4.13
6.95
4.87
1.9
3.88
3.97
6.83
5.83
1.43
1.32
1.22
1.28
4.92
1.13
4.48
6.67
6.28
5.13
2.88
3.55
4.2
5.87
2.32
5.22
2.35
4.25
4.17
2.75
2.63
5.15
2.37
2.35
5.08
5.9
7.22
4.35
7.05
1.45
6.12
3.65
2.78
5.08
7.15
5.15
5.5
3.25
6.35
6.28
3.4
1.23
5.55
2.62
1.67
3.42
7.7
5.13
3.13
4.02
4.77
7.25
8.02
4.25
5.33
3.12
2.07
7.95
5
1.9
4.68
7.68
4.13
4.85
7.62
5.08
5.63
1.88
6.58
4.2
2.53
7.47
5.33
5.38
7.72
7.03
8.1
5.98
9.17
2.22
7.63
4.78
2.47
8.05
2.02
3.13
5.32
2.53
6.5
5.72
8.87
5.23
7.27
5.92
5.48
2.2
6.67
3.55
3.82
2.1
3.42
6.47
5.6
4.33
3.33
0.95
4.45
4.77
3.97
7.93
2.47
6.58
4.52
6.47
3.1
6.53
1.67
7.07
7.47
1.5
2.38
6.75
8.12
6.03
7.22
3.97
1.03
5.08
8.48
6.33
3.17
3.33
5.8
3.12
6.88
5.4
1.38
5.48
6.03
3
5.9
8.88
7.15
5.22
3.57
5.45
7.65
8.18
4.85
3.05
2.58
4.77
6.9
5.65
5.6
4.63
1.6
3.57
2.07
7.53
2.62
2.92
2.08
7.38
5.68
4.72
4.72
6.18
4.4
3.93
6.75
4.37
1.43
5.43
4.58
3.8
4.17
6.9
2.7
2
3.73
1.03
3.42
2.3
5.35
6.17
1.43
3.73
0.87
7.5
1.95
5
6.03
4.05
1.25
3.33
3.17
3.02
2.8
4.17
3.78
1.22
5.13
7.3
6.75
1.67
2.53
8.02
3.1
7.05
4
3.03
7.08
3.65
5
2.15
8.13
3.33
3.5
5.15
3.65
5.63
7.93
6.13
1.67
3.83
5.32
4.05
7.63
8.7
2.95
3.72
4.93
4.8
3.42
2.38
1.58
1.75
6.08
3.72
3.88
7.83
2.85
2.93
5.75
7.42
3.73
2.38
2.2
1.3
5.95
5.6
8.73
4.1
5.72
1.58
2.58
2.53
5.55
2.75
2.45
0.48
2.35
1.08
0.4
3.23
0.48
0.98
0.68
0.4
1.08
0.48
0.4
0.3
0.48
0.68
0.68
0.88
0.4
0.48
0.48
0.48
0.4
0.68
0.3
0.48
0.68
0.48
0.58
1.18
0.58
0.3
0.58
0.4
0.4
0.4
0.68
0.78
0.48
0.48
1.77
0.58
0.58
1.18
0.98
0.48
0.68
2.35
0.3
0.88
0.68
0.48
0.4
0.68
0.3
0.3
0.3
0.3
2.65
0.48
0.4
0.4
0.4
0.4
0.4
0.48
2.42
6.18
8.17
8.25
9.32
9.8
1.75
9.08
8.2
9.13
5.9
8.72
0.83
6.87
5.8
0.95
7.62
7.33
1.58
8.57
8.33
4.93
9.25
1.47
2.62
7.1
8.1
6.75
7.9
5.13
6.17
0.77
5.92
1.6
6.58
7.22
7.47
5.08
6.88
8.87
6.75
8.27
8.83
0.83
0.55
7.63
8.1
5.5
7.3
7.62
3.07
2.7
0.23
1.33
3.98
1.75
7.05
1.05
1.08
5.68
2.3
4.92
8.82
7.7
2.53
4
5.23
1.18
8.17
5.43
3.72
3.75
4.37
3.02
8.03
4.2
1.05
8.1
1.45
3.62
7.2
3.88
0.92
8.48
1.13
4.45
0.92
5.13
4.23
7.85
1.43
5.8
1.98
8.73
6.28
7.63
8.47
7.67
4.85
5.15
6.25
7.3
6.43
4.42
3.33
1.28
3.82
2.42
9.08
4.7
2.47
8.18
8.57
7.75
2.98
4.83
6.47
0.77
8.75
4.08
4.85
4.17
5
4.77
4.83
7.5
3.65
4.68
8.27
1.73
5.4
4.1
3.72
4.13
3.92
8.33
4.87
0.87
1.6
7.47
1.82
1.07
4.77
4.78
6.23
3.17
3.73
1.17
8.1
6.67
2.32
8.48
4.8
6.38
2.25
6
8.27
8.02
4.67
2.22
2.63
5.8
3.88
1.37
5.3
2.63
4.68
4
8.82
5.8
5
5.75
7.03
0.63
4.78
0.77
2.62
4.77
4.42
2.75
3.57
1.05
5.15
2.97
5.48
6.38
0.97
0.63
7.42
5.08
6.67
5.73
8.1
5.35
1.58
7.75
3
0.97
3.55
0.5
4.92
2.62
2.55
1.18
1.77
0.88
4.9
5.18
0.98
1.77
7.15
0.4
0.98
0.68
0.78
0.4
5
2.85
1.67
4.8
2.97
6.08
