7.25
7.11
5.94
5.85
5.82
5.66
5.49
5.36
5.26
4.26
4.06
3.41
2.83
2.31
2.16
2.1
2.09
2.07
2
1.99
1.98
1.48
1.38
1.34
1.17
1.16
1.15
1
0.96
0.91
0.89
0.79
0.77
0.76
0.75
0.74
0.74
0.7
0.69
0.68
0.68
0.68
0.68
0.49
0.47
0.47
0.42
0.41
0.41
0.37
0.35
0.34
0.34
0.28
0.28
0.27
0.27
0.27
0.23
0.21
0.21
0.21
0.21
0.21
0.21
0.21
0.21
0.21
0.21
0.21
0.21
0.2
0.2
0.2
0.2
0.2
0.2
0.2
0.2
0.15
0.15
0.14
0.14
0.14
0.14
0.14
0.14
0.14
0.14
0.14
0.14
0.14
0.14
0.14
0.14
0.14
0.14
0.14
0.14
0.13
0.12
0
0
0
0
0
0
0
0
0
0
8.85
8.81
8.65
8.19
7.72
7.57
7.46
7.4
6.96
6.87
6.83
6.79
6.73
6.62
6.6
6.54
5.78
5.66
5.43
5.29
5.2
5.16
5.13
5.12
5
4.86
4.83
4.8
4.59
4.39
4.19
3.96
3.86
3.67
3.53
3.5
3.45
3.35
3.33
3.29
3.25
3.23
3.22
3.21
3.06
3.05
2.91
2.84
2.84
2.79
2.76
2.7
2.56
2.56
2.54
2.46
2.43
2.4
2.28
2.27
2.25
2.22
2.2
2.18
2.15
2.13
2.13
2.07
2.04
2.04
1.97
1.96
1.96
1.96
1.93
1.9
1.88
1.88
1.86
1.82
1.81
1.76
1.75
1.74
1.73
1.71
1.64
1.64
1.62
1.56
1.55
1.54
1.52
1.52
1.51
1.49
1.45
1.42
1.42
1.41
1.38
1.35
1.34
1.33
1.32
1.28
1.27
1.27
1.22
1.19
1.18
1.15
1.15
1.15
1.14
1.13
1.11
1.1
1.09
1.05
1.03
1.03
1.02
1.01
0.97
0.97
0.96
0.96
0.95
0.95
0.93
0.93
0.92
0.9
0.88
0.88
0.87
0.87
0.87
0.87
0.87
0.85
0.84
0.83
0.83
0.82
0.82
0.82
0.81
0.8
0.79
0.79
0.77
0.77
0.77
0.77
0.77
0.77
0.76
0.74
0.74
0.74
0.74
0.73
0.72
0.72
0.71
0.71
0.7
0.7
0.68
0.68
0.68
0.67
0.67
0.67
0.67
0.65
0.63
0.63
0.63
0.63
0.63
0.62
0.61
0.61
0.61
0.61
0.61
0.61
0.58
0.58
0.56
0.56
0.55
0.55
0.54
0.54
0.54
0.54
0.54
0.53
0.53
0.52
0.52
0.51
0.51
0.51
0.51
0.5
0.5
0.5
0.5
0.49
0.49
0.49
0.48
0.48
0.48
0.48
0.48
0.47
0.47
0.47
0.47
0.47
0.47
0.47
0.46
0.46
0.44
0.43
0.42
0.42
0.42
0.42
0.42
0.42
0.42
0.41
0.41
0.41
0.41
0.41
0.41
0.41
0.41
0.41
0.41
0.41
0.41
0.41
0.41
0.41
0.41
0.4
0.4
0.4
0.4
0.4
0.4
0.4
0.39
0.38
0.38
0.36
0.36
0.36
0.36
0.36
0.36
0.36
0.36
0.36
0.35
0.35
0.35
0.35
0.35
0.34
0.34
0.34
0.34
0.34
0.34
0.34
0.33
0.33
0.33
0.33
0.33
0.33
0.33
0.32
0.32
0.32
0.31
0.31
0.31
0.31
0.31
0.31
0.31
0.31
0.31
0.31
0.3
0.3
0.3
0.3
0.3
0.3
0.3
0.29
0.29
0.29
0.29
0.28
0.28
0.28
0.28
0.28
0.28
0.28
0.28
0.28
0.28
0.27
0.27
0.27
0.27
0.27
0.27
0.27
0.27
0.27
0.27
0.27
0.27
0.27
0.27
0.27
0.27
0.27
0.27
0.27
0.27
0.26
0.26
0.26
0.25
0.24
0.24
0.24
0.24
0.24
0.24
0.24
0.24
0.24
0.22
0.22
0.22
0.22
0.21
0.21
0.21
0.21
0.21
0.21
0.21
0.21
0.21
0.21
0.21
0.21
0.21
0.21
0.21
0.21
0.21
0.21
0.21
0.21
0.21
0.21
0.21
0.21
0.21
0.2
0.2
0.2
0.2
0.2
0.2
0.2
0.2
0.2
0.2
0.2
0.2
0.2
0.2
0.2
0.2
0.2
0.2
0.2
0.2
0.2
0.2
0.2
0.2
0.2
0.2
0.2
0.19
0.19
0.19
0.19
0.19
0.19
0.19
0.19
0.19
0.18
0.18
0.18
0.17
0.17
0.16
0.16
0.16
0.16
0.16
0.16
0.16
0.16
0.16
0.16
0.16
0.16
0.16
0.16
0.16
0.16
0.15
0.15
0.15
0.15
0.15
0.15
0.15
0.15
0.15
0.15
0.15
0.14
0.14
0.14
0.14
0.14
0.14
0.14
0.14
0.14
0.14
0.14
0.14
0.14
0.14
0.14
0.14
0.14
0.14
0.14
0.14
0.14
0.14
0.14
0.14
0.14
0.14
0.14
0.14
0.14
0.14
0.14
0.14
0.14
0.14
0.14
0.14
0.14
0.14
0.14
0.14
0.14
0.14
0.14
0.14
0.14
0.14
0.14
0.14
0.14
0.14
0.14
0.14
0.14
0.14
0.14
0.14
0.14
0.14
0.14
0.14
0.14
0.14
0.14
0.14
0.14
0.14
0.14
0.14
0.14
0.14
0.14
0.14
0.14
0.14
0.14
0.14
0.14
0.14
0.14
0.14
0.14
0.14
0.14
0.14
0.14
0.14
0.13
0.13
0.13
0.13
0.13
0.13
0.13
0.13
0.13
0.13
0.13
0.13
0.13
0.13
0.13
0.13
0.13
0.13
0.13
0.13
0.13
0.13
0.13
0.13
0.13
0.12
0.12
0.12
0.12
0.12
0.12
0.12
0.12
0.12
0.12
0.11
0.11
0.11
0.11
0.11
0.11
0.11
0.11
0.11
0.11
0.11
0.11
0.1
0.1
0.1
0.1
0.1
0.1
0.1
0.1
0.1
0.1
0
0
0
0
0
0
0
0
0
0
0
0
0
0
0
0
0
0
0
0
0
0
0
0
0
0
0
0
0
0
0
0
0
0
0
0
0
0
0
0
0
0
0
0
0
0
0
0
0
0
0
0
0
0
0
0
0
0
0
0
0
0
0
0
0
0
5.75
3.28
3.22
3.17
2.87
2.76
2.53
2.5
2.44
2.28
2
1.72
1.69
1.56
1.37
1.3
1.28
1.28
1.23
1.22
1.2
1.19
1.15
1.11
1
0.9
0.89
0.89
0.89
0.88
0.83
0.81
0.79
0.78
0.74
0.72
0.71
0.7
0.69
0.67
0.67
0.62
0.61
0.61
0.61
0.61
0.61
0.6
0.55
0.54
0.5
0.5
0.5
0.49
0.48
0.48
0.48
0.42
0.42
0.41
0.41
0.41
0.39
0.39
0.34
0.34
0.34
0.33
0.33
0.33
0.33
0.33
0.33
0.33
0.28
0.28
0.28
0.28
0.28
0.28
0.28
0.28
0.28
0.28
0.28
0.28
0.27
0.27
0.27
0.27
0.27
0.23
0.22
0.22
0.22
0.21
0.21
0.21
0.21
0.21
0.21
0.21
0.21
0.21
0.21
0.21
0.21
0.21
0.21
0.21
0.21
0.21
0.21
0.2
0.2
0.2
0.2
0.2
0.2
0.17
0.17
0.17
0.17
0.17
0.17
0.17
0.17
0.17
0.17
0.17
0.15
0.14
0.14
0.14
0.14
0.14
0.14
0.14
0.14
0.14
0.14
0.14
0.14
0.14
0.14
0.14
0.14
0.14
0.14
0.14
0.14
0.14
0.14
0.14
0.14
0.14
0.14
0.14
0.14
0.14
0.14
0.14
0.14
0.14
0.13
0.11
0.11
0.11
0.11
0.11
0.11
0.11
0.11
0.11
0.11
0.11
0.11
0.11
0.11
0.11
0.11
0.11
0.11
0.11
0.11
0.11
0.11
0.11
0.11
0.11
0.11
0.11
0.11
0.11
0.11
0.11
0.11
0.11
0.11
0.11
0.11
0.1
0
0
0
0
0
0
0
0
0
0
0
0
0
0
0
0
0
0
0
0
