             Wordpair  GoldSimilarity        WW        CC        BB        WC  \
0            cab-taxi           0.386  0.668033  0.079195  0.376343  0.014524   
1          cab-yellow           0.134  0.342400 -0.075398  0.058375 -0.246589   
2          cab-driver           0.110  0.727164 -0.053191  0.345479 -0.106674   
3             cab-car           0.087  0.848376  0.243406  0.547249 -0.030924   
4         cab-newyork           0.071  0.215600 -0.079036 -0.152986 -0.091937   
5             cab-bus           0.039  0.671658  0.045668  0.348383  0.066616   
6            cab-city           0.024  0.181161  0.247940 -0.075403 -0.263433   
7           cab-money           0.024  0.312082 -0.126109  0.117703 -0.058081   
8            cab-ride           0.024  0.587369 -0.213522  0.194834 -0.074360   
9     cabbage-lettuce           0.281  0.953811  0.029865  0.457195  0.161905   
10  cabbage-vegetable           0.137  0.914473 -0.092553  0.374876  0.053393   
11      cabbage-patch           0.115  0.253255  0.290496 -0.133510 -0.339642   
12      cabbage-green           0.079  0.371583 -0.267310 -0.160973 -0.056217   
13   cabbage-coleslaw           0.043  0.883198 -0.448959  0.192130  0.317450   
14       cabbage-leaf           0.029  0.617453 -0.222720  0.065320  0.083193   
15     cabbage-rabbit           0.029  0.577956 -0.256824  0.025580  0.123415   
16        cabbage-red           0.029  0.389682  0.042413 -0.014897 -0.113657   
17       cabbage-food           0.022  0.666967 -0.082516  0.171692 -0.025059   
18       cabbage-head           0.022  0.182523  0.092910  0.064496  0.037778   
19      cabbage-salad           0.022  0.889669 -0.045328  0.390158  0.185441   

          CW  predicted  
0  -0.013996   0.080398  
1   0.095733   0.041056  
2   0.092000   0.086586  
3   0.034248   0.101475  
4  -0.330776   0.025674  
5  -0.042084   0.080515  
6  -0.292881   0.021679  
7   0.135379   0.038628  
8   0.089151   0.069950  
9  -0.275571   0.113426  
10 -0.184555   0.108249  
11 -0.397893   0.028712  
12 -0.347270   0.043159  
13 -0.343374   0.103991  
14 -0.353907   0.072766  
15 -0.392692   0.068179  
16 -0.345311   0.046010  
17 -0.258527   0.078847  
18 -0.200926   0.024164  
19 -0.285316   0.105864  


 Correlation bw predicted and gold:SpearmanrResult(correlation=0.20622798370257456, pvalue=0.0)
 Correlation bw WW and gold:0.206070118099
 Correlation bw CC and gold:0.00460870610913
 Correlation bw WC and gold:0.00488561357788
 Correlation bw CW and gold:-0.0011626627607
 Correlation bw BB and gold:0.116876321258             Wordpair  GoldSimilarity        WW        CC        BB        WC  \
0            cab-taxi           0.537  0.668033  0.079195  0.376343  0.014524   
1          cab-yellow           0.014  0.342400 -0.075398  0.058375 -0.246589   
2          cab-driver           0.000  0.727164 -0.053191  0.345479 -0.106674   
3             cab-car           0.000  0.848376  0.243406  0.547249 -0.030924   
4         cab-newyork           0.000  0.215600 -0.079036 -0.152986 -0.091937   
5             cab-bus           0.016  0.671658  0.045668  0.348383  0.066616   
6            cab-city           0.000  0.181161  0.247940 -0.075403 -0.263433   
7           cab-money           0.000  0.312082 -0.126109  0.117703 -0.058081   
8            cab-ride           0.000  0.587369 -0.213522  0.194834 -0.074360   
9     cabbage-lettuce           0.021  0.953811  0.029865  0.457195  0.161905   
10  cabbage-vegetable           0.000  0.914473 -0.092553  0.374876  0.053393   
11      cabbage-patch           0.066  0.253255  0.290496 -0.133510 -0.339642   
12      cabbage-green           0.000  0.371583 -0.267310 -0.160973 -0.056217   
13   cabbage-coleslaw           0.124  0.883198 -0.448959  0.192130  0.317450   
14       cabbage-leaf           0.000  0.617453 -0.222720  0.065320  0.083193   
15     cabbage-rabbit           0.000  0.577956 -0.256824  0.025580  0.123415   
16        cabbage-red           0.000  0.389682  0.042413 -0.014897 -0.113657   
17       cabbage-food           0.000  0.666967 -0.082516  0.171692 -0.025059   
18       cabbage-head           0.000  0.182523  0.092910  0.064496  0.037778   
19      cabbage-salad           0.000  0.889669 -0.045328  0.390158  0.185441   

          CW  predicted  
0  -0.013996   0.044946  
1   0.095733   0.011747  
2   0.092000   0.051448  
3   0.034248   0.063895  
4  -0.330776  -0.003503  
5  -0.042084   0.045045  
6  -0.292881  -0.006566  
7   0.135379   0.008789  
8   0.089151   0.036825  
9  -0.275571   0.073069  
10 -0.184555   0.069354  
11 -0.397893   0.000210  
12 -0.347270   0.012256  
13 -0.343374   0.064839  
14 -0.353907   0.037677  
15 -0.392692   0.033375  
16 -0.345311   0.014488  
17 -0.258527   0.043457  
18 -0.200926  -0.005912  
19 -0.285316   0.066329  


 Correlation bw predicted and gold:SpearmanrResult(correlation=0.25732767778447196, pvalue=0.0)
 Correlation bw WW and gold:0.2571958257
 Correlation bw CC and gold:0.00248372945564
 Correlation bw WC and gold:-0.000140429551053
 Correlation bw CW and gold:0.0100574268217
 Correlation bw BB and gold:0.145754397666