1.220464862
0.830358204
1.8069048
0.799283744
0.915026499
1.148613689
1.538699497
1.50016137
1.708018057
0.623514989
1.436919279
1.311143138
1.619365501
1.0706999
0.843140118
0.623514989
1.114827603
0.968792786
2.164635176
1.800065665
1.517922224
1.904508293
1.370854974
1.537475107
0.957655773
1.776582289
1.295697034
1.254023834
2.110195601
1.411490984
1.184906175
1.384439672
1.57838421
1.701667459
0.623514989
1.543965563
1.280413654
1.793976749
1.219336033
0.623514989
0.915693637
1.977937503
1.133775989
1.099216343
1.784993109
2.006314842
1.681934299
1.252189235
1.961281747
0.965081848
1.093098486
1.657716582
0.973178173
1.18369772
1.443397892
1.108741073
1.19095113
1.152380759
1.689162236
1.254883803
1.030422636
1.806842128
0.623514989
1.676397139
1.746736764
1.106164624
1.386196649
1.338805399
1.159164529
0.890343181
1.287491469
1.380687602
1.427218237
1.049713872
1.520911557
1.998226679
1.980558595
0.623514989
1.53200672
0.991051229
0.661846665
1.047941014
0.623514989
1.09788862
1.259868264
1.286161178
1.220339952
1.51745708
1.679393432
1.538331238
0.847823846
1.507798858
1.609008556
0.931044095
1.515612858
0.978549503
1.406749834
0.767114737
0.729651008
0.732528744
0.945803454
1.720415722
1.98754896
0.932294995
0.992353794
1.774044887
1.436856141
1.160357408
0.844793052
1.121603381
1.727236496
1.450290701
1.362381148
0.828202463
0.938917525
1.331096058
1.787075948
0.623514989
1.079324401
1.802341562
1.152152692
1.447233585
1.34375919
1.70306207
0.911349635
1.086559815
1.353730544
0.721324857
1.439699139
0.623514989
1.751396179
1.633283783
1.535712716
1.569897254
1.739618015
1.362019841
1.547880508
1.755216069
1.847444682
0.950742089
1.157584573
1.314660447
1.435327896
1.115539322
0.972218631
1.005987541
0.983876292
1.816568391
0.623514989
1.231062395
1.559749843
1.363511933
1.972627117
0.988856377
0.957399631
0.993756135
0.933680516
1.112207859
1.545376091
0.899237094
1.306814344
1.187592071
0.952534993
0.57413241
1.136611066
1.34218799
1.731248315
1.22931754
1.305752315
1.840512087
0.795428972
2.021852628
0.945133838
0.623514989
1.124535809
0.752485967
1.540577804
1.13677989
1.851687675
1.044430805
0.841245204
0.623514989
1.839598188
1.878770305
1.439949881
0.709454479
2.038688604
0.848421302
1.408298189
1.028037163
1.344588849
1.644798399
1.598755511
1.236994938
1.720195692
1.906506492
1.639552917
1.477121286
1.214039354
0.623514989
1.363945333
1.588420956
1.559440367
1.326137357
1.795901877
1.138294544
1.173775186
0.786150065
1.059011299
1.339730635
1.529184225
0.623514989
0.623514989
1.612559052
1.173211299
1.705760014
1.773802273
1.585711677
1.512831411
0.623514989
1.063260417
1.044241827
0.948446204
1.237726173
0.851274823
1.773114373
0.817051329
1.240172545
1.986902049
0.7708971
1.229426705
0.981470268
1.285383
1.312694489
0.997989267
1.730350386
1.386427735
2.042960758
1.319869055
0.916602407
1.524049094
1.109767759
0.844613133
0.853229896
1.251260851
1.521028622
1.064253611
0.845459184
1.955331775
0.789223528
1.669432985
1.212682204
1.541197258
1.853916234
2.050834585
1.74232338
1.900831243
0.870848603
1.830507944
1.4269356
0.623514989
1.49343003
1.287833099
1.165900524
0.919157186
0.922123535
0.981768373
1.062660478
1.229942559
1.276685492
1.931805628
1.728257863
0.850319559
0.973252647
1.380840891
1.509404538
1.695854653
1.640444485
1.529102197
0.878697624
1.166198909
1.620329824
1.205560535
1.039347012
1.760676911
1.105758671
2.111814159
1.323164836
0.989839743
0.980623774
1.823565879
1.532679361
1.602369587
1.426221721
1.564645454
1.563283448
1.529135211
1.165083759
1.738314236
2.074717076
1.196089633
0.943131667
1.7044874
0.866677347
0.623514989
0.881452889
1.197353845
1.098608253
1.08791557
1.546387789
1.402962772
1.360093228
0.942690653
0.98524867
1.261791436
1.152564153
0.906092152
1.719771922
1.545166608
1.421688307
0.774224819
0.908051239
1.885876383
1.57971936
1.671586265
1.519668876
1.085337316
1.101649494
2.061282385
1.560020034
1.785787497
1.230682713
1.34106445
1.2053168
1.614988891
1.937476331
0.901452182
0.847555857
1.402868994
1.41564689
1.198117422
0.623514989
1.524519339
0.623514989
1.684663673
1.585722226
0.623514989
0.705047945
1.771540062
0.623514989
1.255440094
1.025543805
1.022842114
2.157277944
1.297495964
0.982230606
1.693244858
1.283214933
1.817493013
2.029473346
0.623514989
1.634404331
1.567118671
1.827642113
1.458703723
0.623514989
2.119329056
1.062670348
2.045556048
1.953073142
0.995822773
1.118033988
0.824308438
0.722608546
1.141649281
1.918754043
0.623514989
1.552533983
1.897539042
1.412121201
1.174817953
1.853257045
2.084756305
1.829891633
1.391453284
2.109433495
1.638702169
1.801105454
0.804534302
0.92618068
2.009161743
1.550862541
0.960701955
1.214760752
0.776298265
0.945678209
1.618186383
2.026045984
1.164422211
0.83157472
1.992211064
1.047478108
1.669110851
1.503649476
1.185325031
1.729364481
1.042202002
1.04909421
1.252100949
1.790491859
1.718551329
1.839786911
1.220189905
1.936843314
1.434166427
0.623514989
1.348533676
1.447988477
1.666746329
0.761909004
0.973655682
1.250144606
1.135825856
1.292319416
1.462857628
1.753654432
1.169836575
1.770499016
0.909434282
1.674723083
1.370640084
0.623514989
1.232539435
1.095222478
0.832152279
1.325328258
1.791773866
1.125057201
1.526571045
1.355461452
1.537348151
1.552025182
1.62029653
1.658895479
1.342006115
1.549240855
1.157096518
1.42310593
1.776593314
0.900159809
1.45169038
1.972441541
0.941442422
1.561015885
1.133376304
0.73036755
1.218423531
0.623514989
1.96589646
1.305002935
0.922607619
0.836505619
1.411498448
1.5143047
1.398895264
1.036475766
1.092116902
1.922882213
0.900571346
1.279761997
1.777465555
1.187821787
0.922150061
1.486938021
1.224705532
0.623514989
1.331850644
1.984862717
0.871170277
0.841087281
0.976983739
0.882562353
0.751630628
1.390273164
1.146573182
1.496857531
0.832841872
0.987390495
1.057887041
1.559871565
0.992073677
1.192368487
1.007575295
1.328241445
1.528311155
1.090465086
1.261864171
1.339410271
1.099627687
1.455349838