0.367301285
0.129060812
0.69122253
0.116183027
0.186232194
0.321769774
0.559161186
0.516166866
0.650984526
0
0.502643913
0.423646416
0.602801597
0.286499441
0.133804902
0
0.316049725
0.210442632
0.93524402
0.6858568
0.534634526
0.756936118
0.454351547
0.563181341
0.199308366
0.720725341
0.406619066
0.390716612
0.900330794
0.470554531
0.320089847
0.453534007
0.582783317
0.655567765
0
0.561108343
0.403396875
0.694136322
0.361662269
0
0.176013106
0.789842333
0.292333215
0.292595029
0.70260036
0.851740241
0.63761024
0.371636764
0.825567175
0.208567438
0.287954407
0.619442142
0.21131672
0.32956624
0.476337402
0.285611659
0.369927675
0.329265584
0.627434053
0.370273352
0.246701255
0.705242318
0
0.626218796
0.66988337
0.295618373
0.467052221
0.438807458
0.328133881
0.169648299
0.404789686
0.459354279
0.472266614
0.285429167
0.53631258
0.833703627
0.816325247
0
0.500803173
0.231820554
0.029000126
0.248199329
0
0.293912071
0.37360242
0.397880197
0.368782878
0.526376398
0.6250026
0.549220237
0.16273957
0.532705935
0.550468868
0.198389038
0.537282288
0.220968099
0.469539376
0.105627007
0.054596469
0.073590806
0.207577154
0.663751006
0.839461138
0.188168347
0.23083113
0.696527922
0.482106566
0.307386446
0.142381921
0.310079861
0.670824945
0.50348568
0.434890237
0.125215687
0.192727759
0.436274953
0.686798196
0
0.285929263
0.712442441
0.324999869
0.4950881
0.439423174
0.654356876
0.188376077
0.279229747
0.450799435
0.052269153
0.491298764
0
0.697217464
0.619064249
0.559078693
0.560799599
0.662331223
0.451662809
0.556205571
0.70510987
0.744381174
0.205063492
0.316954046
0.423922181
0.499389619
0.308241409
0.202281535
0.217871873
0.215989918
0.722585082
0
0.379082464
0.561239276
0.45020479
0.829032758
0.211742118
0.205013245
0.212515235
0.174005489
0.292510068
0.572889388
0.155412534
0.402595639
0.351539484
0.205543024
-0.019300111
0.327226807
0.449989766
0.691397708
0.358895481
0.408150578
0.741996452
0.103490553
0.842203736
0.200608504
0
0.300537008
0.081552796
0.552613735
0.317369729
0.722798672
0.245561168
0.128010406
0
0.72173603
0.744625613
0.496495366
0.048816123
0.861870527
0.141615406
0.464079976
0.247239784
0.450839233
0.595469629
0.579243396
0.380233437
0.641665518
0.781134976
0.62910068
0.524708748
0.353229872
0
0.45969036
0.580780004
0.557834864
0.426377671
0.714560211
0.31431371
0.335592121
0.10928717
0.265126185
0.43773213
0.556772616
0
0
0.588872313
0.332378089
0.664711714
0.710688335
0.568326533
0.534118923
0
0.278071629
0.256585747
0.183088601
0.374380298
0.135583116
0.68741725
0.125038758
0.378257238
0.807507753
0.092265284
0.37912178
0.224423367
0.384397381
0.418287118
0.203202099
0.682454348
0.471087158
0.849581709
0.415271312
0.187224999
0.555691514
0.289016391
0.124501787
0.145081624
0.382080555
0.542022879
0.264005154
0.143569961
0.778265324
0.106806665
0.620334185
0.346631199
0.576441646
0.726754069
0.871197164
0.65925912
0.767957582
0.170475677
0.727801843
0.49870792
0
0.527827021
0.389715993
0.338181555
0.193131379
0.194841564
0.216607615
0.282294095
0.3606098
0.389565617
0.802178908
0.675466041
0.151489586
0.207995087
0.455457335
0.521765442
0.657793224
0.624140814
0.573702744
0.140711531
0.327183057
0.59844892
0.351495492
0.251140982
0.718202114
0.305070985
0.910828932
0.426167846
0.233320325
0.198490766
0.694822371
0.557675832
0.605443227
0.491356969
0.566290557
0.570375417
0.546494544
0.334734668
0.691583954
0.8892641
0.356749684
0.190905687
0.646381059
0.161836207
0
0.14730514
0.355845451
0.297527283
0.277296629
0.562380552
0.476835996
0.446874887
0.180114233
0.222161649
0.379658163
0.323875227
0.168897033
0.668880621
0.558638427
0.528864622
0.098309359
0.167054782
0.773698495
0.564933121
0.637459993
0.549609482
0.287920641
0.290256704
0.847379377
0.559028685
0.702430231
0.373807028
0.440041966
0.35675624
0.588971734
0.795809269
0.175379664
0.121137522
0.468642801
0.472591546
0.345722705
0
0.565338645
0
0.614251912
0.592640197
0
0.059448305
0.694720667
0
0.388051235
0.242913022
0.234475689
0.928048253
0.411603153
0.205149854
0.647592962
0.413276429
0.727348804
0.851992726
0
0.624292292
0.572243512
0.740650594
0.513375849
0
0.881299906
0.277698156
0.851448059
0.817376592
0.225191799
0.280431705
0.104976118
0.054503966
0.30372212
0.787884712
0
0.565686405
0.768345044
0.464581609
0.345117629
0.753746212
0.87216156
0.745151937
0.463635896
0.895718509
0.618258454
0.719473839
0.100782119
0.166724175
0.853109947
0.551856816
0.200966993
0.377335548
0.105009215
0.203750473
0.575873494
0.822442521
0.315414332
0.136377656
0.809219837
0.246253714
0.639122703
0.534948409
0.336396684
0.66834418
0.262207717
0.246185735
0.388611078
0.705841482
0.670631329
0.72093858
0.354352436
0.788444566
0.468929647
0
0.411274761
0.488762646
0.624875881
0.087499604
0.216578707
0.36135748
0.316543818
0.397353381
0.511766732
0.668415944
0.331496716
0.69375239
0.159655094
0.612355292
0.447403997
0
0.37206807
0.289539354
0.14519015
0.428344458
0.707727075
0.306558061
0.551846206
0.461481184
0.556900356
0.55719716
0.592170715
0.630783021
0.419131914
0.542061632
0.328724742
0.491482764
0.691816426
0.172381113
0.503328532
0.820279658
0.204280853
0.575822413
0.308429122
0.068653546
0.354168177
0
0.810437486
0.423972607
0.18213258
0.135562383
0.447703391
0.54161722
0.481428802
0.258693069
0.304820675
0.775394797
0.170130223
0.392182701
0.705085456
0.338273337
0.198509946
0.506996989
0.367370754
0
0.432468585
0.84016772
0.140164271
0.144962311
0.220093828
0.159619465
0.084006046
0.48305425
0.318454862
0.5346995
0.132785611
0.218188914
0.259493904
0.583721985
0.214832668
0.340034395
0.2356326
0.433443189
0.522616029
0.270888762
0.388670749
0.42960757
0.28715347
0.500360459